<?xml version="1.0"?>
<opencv_storage>
<CornersAmount>48</CornersAmount>
<Corner_0>
  242 357</Corner_0>
<Corner_1>
  258 357</Corner_1>
<Corner_2>
  272 357</Corner_2>
<Corner_3>
  287 357</Corner_3>
<Corner_4>
  301 357</Corner_4>
<Corner_5>
  317 357</Corner_5>
<Corner_6>
  332 358</Corner_6>
<Corner_7>
  347 358</Corner_7>
<Corner_8>
  239 363</Corner_8>
<Corner_9>
  254 364</Corner_9>
<Corner_10>
  271 365</Corner_10>
<Corner_11>
  286 365</Corner_11>
<Corner_12>
  301 365</Corner_12>
<Corner_13>
  317 366</Corner_13>
<Corner_14>
  333 365</Corner_14>
<Corner_15>
  348 367</Corner_15>
<Corner_16>
  238 372</Corner_16>
<Corner_17>
  254 372</Corner_17>
<Corner_18>
  270 373</Corner_18>
<Corner_19>
  285 372</Corner_19>
<Corner_20>
  300 374</Corner_20>
<Corner_21>
  316 373</Corner_21>
<Corner_22>
  333 375</Corner_22>
<Corner_23>
  348 374</Corner_23>
<Corner_24>
  236 380</Corner_24>
<Corner_25>
  252 381</Corner_25>
<Corner_26>
  268 381</Corner_26>
<Corner_27>
  284 383</Corner_27>
<Corner_28>
  301 382</Corner_28>
<Corner_29>
  317 383</Corner_29>
<Corner_30>
  333 383</Corner_30>
<Corner_31>
  349 384</Corner_31>
<Corner_32>
  234 390</Corner_32>
<Corner_33>
  250 391</Corner_33>
<Corner_34>
  267 392</Corner_34>
<Corner_35>
  283 392</Corner_35>
<Corner_36>
  299 393</Corner_36>
<Corner_37>
  317 392</Corner_37>
<Corner_38>
  334 394</Corner_38>
<Corner_39>
  350 393</Corner_39>
<Corner_40>
  232 400</Corner_40>
<Corner_41>
  248 400</Corner_41>
<Corner_42>
  265 402</Corner_42>
<Corner_43>
  283 402</Corner_43>
<Corner_44>
  300 402</Corner_44>
<Corner_45>
  316 404</Corner_45>
<Corner_46>
  335 403</Corner_46>
<Corner_47>
  351 403</Corner_47>
</opencv_storage>
