<?xml version="1.0"?>
<opencv_storage>
<CornersAmount>48</CornersAmount>
<Corner_0>
  242 356</Corner_0>
<Corner_1>
  257 356</Corner_1>
<Corner_2>
  271 356</Corner_2>
<Corner_3>
  288 357</Corner_3>
<Corner_4>
  301 358</Corner_4>
<Corner_5>
  316 358</Corner_5>
<Corner_6>
  331 358</Corner_6>
<Corner_7>
  346 358</Corner_7>
<Corner_8>
  239 364</Corner_8>
<Corner_9>
  255 364</Corner_9>
<Corner_10>
  272 364</Corner_10>
<Corner_11>
  285 365</Corner_11>
<Corner_12>
  301 365</Corner_12>
<Corner_13>
  317 366</Corner_13>
<Corner_14>
  330 366</Corner_14>
<Corner_15>
  347 366</Corner_15>
<Corner_16>
  238 373</Corner_16>
<Corner_17>
  254 372</Corner_17>
<Corner_18>
  268 373</Corner_18>
<Corner_19>
  286 373</Corner_19>
<Corner_20>
  300 374</Corner_20>
<Corner_21>
  315 373</Corner_21>
<Corner_22>
  332 374</Corner_22>
<Corner_23>
  347 374</Corner_23>
<Corner_24>
  235 381</Corner_24>
<Corner_25>
  252 381</Corner_25>
<Corner_26>
  266 381</Corner_26>
<Corner_27>
  283 383</Corner_27>
<Corner_28>
  299 383</Corner_28>
<Corner_29>
  316 383</Corner_29>
<Corner_30>
  333 383</Corner_30>
<Corner_31>
  350 383</Corner_31>
<Corner_32>
  234 389</Corner_32>
<Corner_33>
  248 390</Corner_33>
<Corner_34>
  266 392</Corner_34>
<Corner_35>
  282 392</Corner_35>
<Corner_36>
  300 393</Corner_36>
<Corner_37>
  317 393</Corner_37>
<Corner_38>
  333 393</Corner_38>
<Corner_39>
  349 392</Corner_39>
<Corner_40>
  230 401</Corner_40>
<Corner_41>
  249 401</Corner_41>
<Corner_42>
  264 401</Corner_42>
<Corner_43>
  282 403</Corner_43>
<Corner_44>
  299 403</Corner_44>
<Corner_45>
  316 403</Corner_45>
<Corner_46>
  334 405</Corner_46>
<Corner_47>
  351 404</Corner_47>
</opencv_storage>
