<?xml version="1.0"?>
<opencv_storage>
<CameraMatrix type_id="opencv-matrix">
  <rows>3</rows>
  <cols>3</cols>
  <dt>f</dt>
  <data>
    4.87831726e+02 0. 3.31022064e+02 0. 4.89967163e+02 2.33239273e+02 0.
    0. 1.</data></CameraMatrix>
<DistortionCoeffs type_id="opencv-matrix">
  <rows>1</rows>
  <cols>5</cols>
  <dt>f</dt>
  <data>
    -3.68968219e-01 2.04999685e-01 -9.38526573e-05 -2.90982396e-04
    -7.53635466e-02</data></DistortionCoeffs>
<RotationValues type_id="opencv-matrix">
  <rows>3</rows>
  <cols>1</cols>
  <dt>f</dt>
  <data>
    1.43263090e+00 1.42432237e+00 -1.00628233e+00</data></RotationValues>
<TranslationValues type_id="opencv-matrix">
  <rows>3</rows>
  <cols>1</cols>
  <dt>f</dt>
  <data>
    -6.87784485e+02 9.37849243e+02 3.62911450e+03</data></TranslationValues>
</opencv_storage>
