<?xml version="1.0"?>
<opencv_storage>
<CameraMatrix type_id="opencv-matrix">
  <rows>3</rows>
  <cols>3</cols>
  <dt>f</dt>
  <data>
    4.87831726e+02 0. 3.31022064e+02 0. 4.89967163e+02 2.33239273e+02 0.
    0. 1.</data></CameraMatrix>
<DistortionCoeffs type_id="opencv-matrix">
  <rows>1</rows>
  <cols>5</cols>
  <dt>f</dt>
  <data>
    -3.68968219e-01 2.04999685e-01 -9.38526573e-05 -2.90982396e-04
    -7.53635466e-02</data></DistortionCoeffs>
<RotationValues type_id="opencv-matrix">
  <rows>3</rows>
  <cols>1</cols>
  <dt>f</dt>
  <data>
    1.42770481e+00 1.41901016e+00 -1.00678086e+00</data></RotationValues>
<TranslationValues type_id="opencv-matrix">
  <rows>3</rows>
  <cols>1</cols>
  <dt>f</dt>
  <data>
    -6.83841614e+02 9.36950867e+02 3.62413428e+03</data></TranslationValues>
</opencv_storage>
