<?xml version="1.0"?>
<opencv_storage>
<CameraMatrix type_id="opencv-matrix">
  <rows>3</rows>
  <cols>3</cols>
  <dt>d</dt>
  <data>
    4.8783173440739552e+02 0. 3.3102206219252736e+02 0.
    4.8996716499394802e+02 2.3323927380514453e+02 0. 0. 1.</data></CameraMatrix>
<DistortionCoeffs type_id="opencv-matrix">
  <rows>1</rows>
  <cols>5</cols>
  <dt>d</dt>
  <data>
    -3.6896822921210276e-01 2.0499968532079069e-01
    -9.3852657583712955e-05 -2.9098241022926431e-04
    -7.5363547271451323e-02</data></DistortionCoeffs>
</opencv_storage>