<?xml version="1.0"?>
<opencv_storage>
<CornersAmount>48</CornersAmount>
<Corner_0>
  399 412</Corner_0>
<Corner_1>
  397 401</Corner_1>
<Corner_2>
  396 391</Corner_2>
<Corner_3>
  394 380</Corner_3>
<Corner_4>
  395 370</Corner_4>
<Corner_5>
  393 361</Corner_5>
<Corner_6>
  392 352</Corner_6>
<Corner_7>
  391 344</Corner_7>
<Corner_8>
  416 409</Corner_8>
<Corner_9>
  415 400</Corner_9>
<Corner_10>
  413 390</Corner_10>
<Corner_11>
  412 380</Corner_11>
<Corner_12>
  410 371</Corner_12>
<Corner_13>
  409 361</Corner_13>
<Corner_14>
  409 350</Corner_14>
<Corner_15>
  406 343</Corner_15>
<Corner_16>
  435 411</Corner_16>
<Corner_17>
  433 400</Corner_17>
<Corner_18>
  430 389</Corner_18>
<Corner_19>
  428 378</Corner_19>
<Corner_20>
  427 369</Corner_20>
<Corner_21>
  425 359</Corner_21>
<Corner_22>
  423 351</Corner_22>
<Corner_23>
  422 344</Corner_23>
<Corner_24>
  452 408</Corner_24>
<Corner_25>
  450 399</Corner_25>
<Corner_26>
  447 388</Corner_26>
<Corner_27>
  446 379</Corner_27>
<Corner_28>
  443 370</Corner_28>
<Corner_29>
  441 360</Corner_29>
<Corner_30>
  438 350</Corner_30>
<Corner_31>
  437 343</Corner_31>
<Corner_32>
  471 410</Corner_32>
<Corner_33>
  467 399</Corner_33>
<Corner_34>
  465 388</Corner_34>
<Corner_35>
  460 379</Corner_35>
<Corner_36>
  459 371</Corner_36>
<Corner_37>
  456 360</Corner_37>
<Corner_38>
  454 353</Corner_38>
<Corner_39>
  452 341</Corner_39>
<Corner_40>
  488 409</Corner_40>
<Corner_41>
  484 397</Corner_41>
<Corner_42>
  481 387</Corner_42>
<Corner_43>
  477 376</Corner_43>
<Corner_44>
  476 370</Corner_44>
<Corner_45>
  471 358</Corner_45>
<Corner_46>
  469 351</Corner_46>
<Corner_47>
  466 341</Corner_47>
</opencv_storage>
