<?xml version="1.0"?>
<opencv_storage>
<CornersAmount>48</CornersAmount>
<Corner_0>
  399 411</Corner_0>
<Corner_1>
  397 399</Corner_1>
<Corner_2>
  396 388</Corner_2>
<Corner_3>
  395 378</Corner_3>
<Corner_4>
  395 369</Corner_4>
<Corner_5>
  393 359</Corner_5>
<Corner_6>
  392 350</Corner_6>
<Corner_7>
  391 342</Corner_7>
<Corner_8>
  416 410</Corner_8>
<Corner_9>
  415 399</Corner_9>
<Corner_10>
  413 389</Corner_10>
<Corner_11>
  412 379</Corner_11>
<Corner_12>
  411 369</Corner_12>
<Corner_13>
  409 360</Corner_13>
<Corner_14>
  408 351</Corner_14>
<Corner_15>
  407 342</Corner_15>
<Corner_16>
  435 410</Corner_16>
<Corner_17>
  432 398</Corner_17>
<Corner_18>
  431 388</Corner_18>
<Corner_19>
  429 377</Corner_19>
<Corner_20>
  427 368</Corner_20>
<Corner_21>
  425 359</Corner_21>
<Corner_22>
  423 351</Corner_22>
<Corner_23>
  422 342</Corner_23>
<Corner_24>
  453 409</Corner_24>
<Corner_25>
  451 398</Corner_25>
<Corner_26>
  448 388</Corner_26>
<Corner_27>
  445 377</Corner_27>
<Corner_28>
  443 368</Corner_28>
<Corner_29>
  441 358</Corner_29>
<Corner_30>
  439 351</Corner_30>
<Corner_31>
  437 343</Corner_31>
<Corner_32>
  472 408</Corner_32>
<Corner_33>
  468 398</Corner_33>
<Corner_34>
  465 387</Corner_34>
<Corner_35>
  461 377</Corner_35>
<Corner_36>
  459 368</Corner_36>
<Corner_37>
  457 359</Corner_37>
<Corner_38>
  454 351</Corner_38>
<Corner_39>
  451 343</Corner_39>
<Corner_40>
  487 408</Corner_40>
<Corner_41>
  484 398</Corner_41>
<Corner_42>
  481 386</Corner_42>
<Corner_43>
  478 377</Corner_43>
<Corner_44>
  474 367</Corner_44>
<Corner_45>
  471 359</Corner_45>
<Corner_46>
  469 351</Corner_46>
<Corner_47>
  466 342</Corner_47>
</opencv_storage>
