<?xml version="1.0"?>
<opencv_storage>
<CameraMatrix type_id="opencv-matrix">
  <rows>3</rows>
  <cols>3</cols>
  <dt>f</dt>
  <data>
    4.90088745e+02 0. 3.23194580e+02 0. 4.88732483e+02 2.31384171e+02 0.
    0. 1.</data></CameraMatrix>
<DistortionCoeffs type_id="opencv-matrix">
  <rows>1</rows>
  <cols>5</cols>
  <dt>f</dt>
  <data>
    -3.57780129e-01 1.68762878e-01 1.45832705e-03 -3.01556458e-04
    -4.48293090e-02</data></DistortionCoeffs>
<RotationValues type_id="opencv-matrix">
  <rows>3</rows>
  <cols>1</cols>
  <dt>f</dt>
  <data>
    1.90101397e+00 6.12511002e-02 -5.01454137e-02</data></RotationValues>
<TranslationValues type_id="opencv-matrix">
  <rows>3</rows>
  <cols>1</cols>
  <dt>f</dt>
  <data>
    4.58962250e+02 1.09696643e+03 2.82746533e+03</data></TranslationValues>
</opencv_storage>
