<?xml version="1.0"?>
<opencv_storage>
<CameraMatrix type_id="opencv-matrix">
  <rows>3</rows>
  <cols>3</cols>
  <dt>d</dt>
  <data>
    4.9008874470291357e+02 0. 3.2319457830855669e+02 0.
    4.8873248651304976e+02 2.3138416664352548e+02 0. 0. 1.</data></CameraMatrix>
<DistortionCoeffs type_id="opencv-matrix">
  <rows>1</rows>
  <cols>5</cols>
  <dt>d</dt>
  <data>
    -3.5778011945517335e-01 1.6876287729949677e-01
    1.4583270880359068e-03 -3.0155645798696560e-04
    -4.4829309121557123e-02</data></DistortionCoeffs>
</opencv_storage>