<?xml version="1.0"?>
<opencv_storage>
<CornersAmount>48</CornersAmount>
<Corner_0>
  315 306</Corner_0>
<Corner_1>
  324 310</Corner_1>
<Corner_2>
  334 315</Corner_2>
<Corner_3>
  343 320</Corner_3>
<Corner_4>
  353 326</Corner_4>
<Corner_5>
  363 330</Corner_5>
<Corner_6>
  373 337</Corner_6>
<Corner_7>
  383 342</Corner_7>
<Corner_8>
  305 310</Corner_8>
<Corner_9>
  314 315</Corner_9>
<Corner_10>
  323 320</Corner_10>
<Corner_11>
  331 325</Corner_11>
<Corner_12>
  342 330</Corner_12>
<Corner_13>
  351 335</Corner_13>
<Corner_14>
  363 341</Corner_14>
<Corner_15>
  373 347</Corner_15>
<Corner_16>
  295 313</Corner_16>
<Corner_17>
  305 319</Corner_17>
<Corner_18>
  312 324</Corner_18>
<Corner_19>
  321 328</Corner_19>
<Corner_20>
  331 335</Corner_20>
<Corner_21>
  340 341</Corner_21>
<Corner_22>
  350 347</Corner_22>
<Corner_23>
  362 352</Corner_23>
<Corner_24>
  283 318</Corner_24>
<Corner_25>
  292 324</Corner_25>
<Corner_26>
  301 329</Corner_26>
<Corner_27>
  310 334</Corner_27>
<Corner_28>
  319 340</Corner_28>
<Corner_29>
  329 346</Corner_29>
<Corner_30>
  339 352</Corner_30>
<Corner_31>
  350 357</Corner_31>
<Corner_32>
  272 323</Corner_32>
<Corner_33>
  282 329</Corner_33>
<Corner_34>
  289 334</Corner_34>
<Corner_35>
  297 339</Corner_35>
<Corner_36>
  309 346</Corner_36>
<Corner_37>
  317 351</Corner_37>
<Corner_38>
  327 358</Corner_38>
<Corner_39>
  337 364</Corner_39>
<Corner_40>
  260 328</Corner_40>
<Corner_41>
  270 334</Corner_41>
<Corner_42>
  277 338</Corner_42>
<Corner_43>
  285 344</Corner_43>
<Corner_44>
  295 350</Corner_44>
<Corner_45>
  305 358</Corner_45>
<Corner_46>
  314 364</Corner_46>
<Corner_47>
  326 371</Corner_47>
</opencv_storage>
