<?xml version="1.0"?>
<opencv_storage>
<CameraMatrix type_id="opencv-matrix">
  <rows>3</rows>
  <cols>3</cols>
  <dt>f</dt>
  <data>
    4.91516205e+02 0. 3.33725952e+02 0. 4.93601318e+02 2.28040924e+02 0.
    0. 1.</data></CameraMatrix>
<DistortionCoeffs type_id="opencv-matrix">
  <rows>1</rows>
  <cols>5</cols>
  <dt>f</dt>
  <data>
    -3.66040796e-01 1.89904884e-01 -2.21994793e-04 9.75800140e-05
    -5.90060130e-02</data></DistortionCoeffs>
<RotationValues type_id="opencv-matrix">
  <rows>3</rows>
  <cols>1</cols>
  <dt>f</dt>
  <data>
    8.03784907e-01 2.11555791e+00 -1.54016578e+00</data></RotationValues>
<TranslationValues type_id="opencv-matrix">
  <rows>3</rows>
  <cols>1</cols>
  <dt>f</dt>
  <data>
    -1.52694412e+02 6.70138611e+02 4.20898291e+03</data></TranslationValues>
</opencv_storage>
