<?xml version="1.0"?>
<opencv_storage>
<CameraMatrix type_id="opencv-matrix">
  <rows>3</rows>
  <cols>3</cols>
  <dt>d</dt>
  <data>
    4.9151620043232703e+02 0. 3.3372593971436004e+02 0.
    4.9360133063248776e+02 2.2804091741537925e+02 0. 0. 1.</data></CameraMatrix>
<DistortionCoeffs type_id="opencv-matrix">
  <rows>1</rows>
  <cols>5</cols>
  <dt>d</dt>
  <data>
    -3.6604080210873108e-01 1.8990488124561827e-01
    -2.2199479374085469e-04 9.7580013600504252e-05
    -5.9006012081436472e-02</data></DistortionCoeffs>
</opencv_storage>