<?xml version="1.0"?>
<opencv_storage>
<CornersAmount>48</CornersAmount>
<Corner_0>
  251 363</Corner_0>
<Corner_1>
  261 357</Corner_1>
<Corner_2>
  271 351</Corner_2>
<Corner_3>
  279 345</Corner_3>
<Corner_4>
  288 340</Corner_4>
<Corner_5>
  297 335</Corner_5>
<Corner_6>
  305 330</Corner_6>
<Corner_7>
  313 326</Corner_7>
<Corner_8>
  262 368</Corner_8>
<Corner_9>
  272 362</Corner_9>
<Corner_10>
  280 355</Corner_10>
<Corner_11>
  290 349</Corner_11>
<Corner_12>
  300 344</Corner_12>
<Corner_13>
  308 338</Corner_13>
<Corner_14>
  315 334</Corner_14>
<Corner_15>
  323 328</Corner_15>
<Corner_16>
  273 373</Corner_16>
<Corner_17>
  284 367</Corner_17>
<Corner_18>
  292 360</Corner_18>
<Corner_19>
  302 355</Corner_19>
<Corner_20>
  310 348</Corner_20>
<Corner_21>
  318 343</Corner_21>
<Corner_22>
  325 338</Corner_22>
<Corner_23>
  334 332</Corner_23>
<Corner_24>
  285 378</Corner_24>
<Corner_25>
  295 369</Corner_25>
<Corner_26>
  303 363</Corner_26>
<Corner_27>
  312 358</Corner_27>
<Corner_28>
  321 352</Corner_28>
<Corner_29>
  329 347</Corner_29>
<Corner_30>
  337 341</Corner_30>
<Corner_31>
  345 335</Corner_31>
<Corner_32>
  296 381</Corner_32>
<Corner_33>
  306 376</Corner_33>
<Corner_34>
  315 369</Corner_34>
<Corner_35>
  324 363</Corner_35>
<Corner_36>
  332 356</Corner_36>
<Corner_37>
  341 351</Corner_37>
<Corner_38>
  348 345</Corner_38>
<Corner_39>
  356 339</Corner_39>
<Corner_40>
  310 388</Corner_40>
<Corner_41>
  319 381</Corner_41>
<Corner_42>
  328 373</Corner_42>
<Corner_43>
  336 367</Corner_43>
<Corner_44>
  345 361</Corner_44>
<Corner_45>
  352 355</Corner_45>
<Corner_46>
  360 349</Corner_46>
<Corner_47>
  367 343</Corner_47>
</opencv_storage>
