<?xml version="1.0"?>
<opencv_storage>
<CornersAmount>48</CornersAmount>
<Corner_0>
  252 363</Corner_0>
<Corner_1>
  259 358</Corner_1>
<Corner_2>
  270 352</Corner_2>
<Corner_3>
  278 347</Corner_3>
<Corner_4>
  289 341</Corner_4>
<Corner_5>
  295 336</Corner_5>
<Corner_6>
  305 331</Corner_6>
<Corner_7>
  312 326</Corner_7>
<Corner_8>
  264 371</Corner_8>
<Corner_9>
  272 362</Corner_9>
<Corner_10>
  282 356</Corner_10>
<Corner_11>
  291 350</Corner_11>
<Corner_12>
  298 345</Corner_12>
<Corner_13>
  306 339</Corner_13>
<Corner_14>
  314 334</Corner_14>
<Corner_15>
  323 329</Corner_15>
<Corner_16>
  274 372</Corner_16>
<Corner_17>
  283 366</Corner_17>
<Corner_18>
  293 361</Corner_18>
<Corner_19>
  300 354</Corner_19>
<Corner_20>
  310 350</Corner_20>
<Corner_21>
  318 344</Corner_21>
<Corner_22>
  325 338</Corner_22>
<Corner_23>
  333 333</Corner_23>
<Corner_24>
  287 378</Corner_24>
<Corner_25>
  296 372</Corner_25>
<Corner_26>
  303 365</Corner_26>
<Corner_27>
  313 359</Corner_27>
<Corner_28>
  320 353</Corner_28>
<Corner_29>
  329 348</Corner_29>
<Corner_30>
  336 343</Corner_30>
<Corner_31>
  344 337</Corner_31>
<Corner_32>
  296 381</Corner_32>
<Corner_33>
  306 375</Corner_33>
<Corner_34>
  316 369</Corner_34>
<Corner_35>
  323 364</Corner_35>
<Corner_36>
  332 356</Corner_36>
<Corner_37>
  339 351</Corner_37>
<Corner_38>
  348 345</Corner_38>
<Corner_39>
  356 339</Corner_39>
<Corner_40>
  311 388</Corner_40>
<Corner_41>
  320 380</Corner_41>
<Corner_42>
  328 374</Corner_42>
<Corner_43>
  336 367</Corner_43>
<Corner_44>
  344 362</Corner_44>
<Corner_45>
  353 354</Corner_45>
<Corner_46>
  360 349</Corner_46>
<Corner_47>
  368 343</Corner_47>
</opencv_storage>
