<?xml version="1.0"?>
<opencv_storage>
<CameraMatrix type_id="opencv-matrix">
  <rows>3</rows>
  <cols>3</cols>
  <dt>f</dt>
  <data>
    4.91025818e+02 0. 3.42867462e+02 0. 4.93306366e+02 2.40279160e+02 0.
    0. 1.</data></CameraMatrix>
<DistortionCoeffs type_id="opencv-matrix">
  <rows>1</rows>
  <cols>5</cols>
  <dt>f</dt>
  <data>
    -3.73686224e-01 2.09612712e-01 -6.18032936e-04 -2.74361373e-04
    -7.36027509e-02</data></DistortionCoeffs>
<RotationValues type_id="opencv-matrix">
  <rows>3</rows>
  <cols>1</cols>
  <dt>f</dt>
  <data>
    1.80826020e+00 5.38544714e-01 -3.92983168e-01</data></RotationValues>
<TranslationValues type_id="opencv-matrix">
  <rows>3</rows>
  <cols>1</cols>
  <dt>f</dt>
  <data>
    -7.19164246e+02 9.68430664e+02 3.72623950e+03</data></TranslationValues>
</opencv_storage>
